 Dada las siguientes operaciones, mostrar la construcción paso a paso de un árbol B+ de
orden 4:

+67, +56, +96, +10, +28, +95, +16, +46, +23, +36, +120, +130, +60, +57, -96, -67, -95, -60,
-120, -57, -56.

Política de resolución de underflows: derecha o izquierda.

_____________________________________________________________________________________________

+67, +56, +96

0: (56)(67)(96)

_____________________________________________________________________________________________

+10

       2: 0 (67) 1

0: (10)(56) 1    1:(67)(96)

_____________________________________________________________________________________________

+28

       2: 0 (67) 1

0: (10)(28)(56) 1    1:(67)(96)


_____________________________________________________________________________________________

+95

       2: 0 (67) 1

0: (10)(28)(56) 1    1:(67)(95)(96)

_____________________________________________________________________________________________

+16

                2: 0 (28) 3 (67) 1

0: (10)(16) 3     3: (28)(56) 1    1:(67)(95)(96)

_____________________________________________________________________________________________

+46

                2: 0 (28) 3 (67) 1

0: (10)(16) 3     3: (28)(46)(56) 1    1:(67)(95)(96)

_____________________________________________________________________________________________

+23

                2: 0 (28) 3 (67) 1

0: (10)(16)(23) 3     3: (28)(46)(56) 1    1:(67)(95)(96)

_____________________________________________________________________________________________

+36

                          2: 0 (28) 3 (46) 4 (67) 1

0: (10)(16)(23) 3     3: (28)(36) 4      4: (46)(56) 1    1:(67)(95)(96)

_____________________________________________________________________________________________

+120

                                7: 2 (67) 6

                2: 0 (28) 3 (46) 4                    6: 1 (96) 5

0: (10)(16)(23) 3     3: (28)(36) 4      4: (46)(56) 1        1:(67)(95) 5  5:(96)(120)

_____________________________________________________________________________________________

+130

                                7: 2 (67) 6

                2: 0 (28) 3 (46) 4                    6: 1 (96) 5

0: (10)(16)(23) 3     3: (28)(36) 4      4: (46)(56) 1        1:(67)(95) 5  5:(96)(120)(130)

_____________________________________________________________________________________________

+60

                                7: 2 (67) 6

                2: 0 (28) 3 (46) 4                    6: 1 (96) 5

0: (10)(16)(23) 3     3: (28)(36) 4      4: (46)(56)(60) 1        1:(67)(95) 5  5:(96)(120)(130)

_____________________________________________________________________________________________

+57

                                7: 2 (67) 6

                2: 0 (28) 3 (46) 4 (57) 8                           6: 1 (96) 5

0: (10)(16)(23) 3     3: (28)(36) 4     4: (46)(56) 8    8: (57)(60) 1        1:(67)(95) 5  5:(96)(120)(130)

_____________________________________________________________________________________________

-96

                                7: 2 (67) 6

                2: 0 (28) 3 (46) 4 (57) 8                           6: 1 (96) 5

0: (10)(16)(23) 3     3: (28)(36) 4     4: (46)(56) 8    8: (57)(60) 1        1:(67)(95) 5  5:(120)(130)

_____________________________________________________________________________________________

-67

                                               7: 2 (67) 6

                2: 0 (28) 3 (46) 4 (57) 8                           6: 1 (96) 5

0: (10)(16)(23) 3     3: (28)(36) 4     4: (46)(56) 8    8: (57)(60) 1        1:(95) 5  5:(120)(130)

_____________________________________________________________________________________________

-95

                                               7: 2 (67) 6

                2: 0 (28) 3 (46) 4 (57) 8                           6: 1 (130) 5

0: (10)(16)(23) 3     3: (28)(36) 4     4: (46)(56) 8    8: (57)(60) 1        1:(120) 5  5:(130)

_____________________________________________________________________________________________

-60

                                               7: 2 (67) 6

                2: 0 (28) 3 (46) 4 (57) 8                           6: 1 (130) 5

0: (10)(16)(23) 3     3: (28)(36) 4     4: (46)(56) 8    8: (57) 1        1:(120) 5  5:(130)

_____________________________________________________________________________________________

-120

                                               7: 2 (57) 6

                2: 0 (28) 3 (46) 4                            6: 8 (67) 1

0: (10)(16)(23) 3     3: (28)(36) 4     4: (46)(56) 8       8: (57) 1        1:(130) 5  

_____________________________________________________________________________________________

-57

                                      7: 2 (46) 6

                2: 0 (28) 3                            6: 4 (57) 8

0: (10)(16)(23) 3     3: (28)(36) 4           4: (46)(56) 8       8: (130) 1        

_____________________________________________________________________________________________

-56

                                      7: 2 (46) 6

                2: 0 (28) 3                            6: 4 (57) 8

0: (10)(16)(23) 3     3: (28)(36) 4           4: (46) 8       8: (130) 1        