Dada las siguientes operaciones, mostrar la construcción paso a paso de un árbol B+ de
orden 6:

+52, +23, +10, +99, +63, +74, +19, +85, +14, 
+73, +5, +7, +41, +100, +130, +44, -63, -73, +15,
+16, -74, -52.

Política de resolución de underflows: izquierda.


+52, +23, +10, +99, +63

0: (10)(23)(52)(63)(99)

_____________________________________________________________________________________________

+74

          2: 0 (63) 1

0: (10)(23)(52) 1   1:(63)(74)(99)

_____________________________________________________________________________________________

+19

          2: 0 (63) 1

0: (10)(19)(23)(52) 1   1:(63)(74)(99)

_____________________________________________________________________________________________

+85

          2: 0 (63) 1

0: (10)(19)(23)(52) 1   1:(63)(74)(85)(99)

_____________________________________________________________________________________________

+14

          2: 0 (63) 1

0: (10)(14)(19)(23)(52) 1   1:(63)(74)(85)(99)

_____________________________________________________________________________________________

+73

          2: 0 (63) 1

0: (10)(14)(19)(23)(52) 1   1:(63)(73)(74)(85)(99)

_____________________________________________________________________________________________

+5

                2: 0 (19) 3 (63) 1

0: (5)(10)(14) 3  3:(19)(23)(52) 1   1:(63)(73)(74)(85)(99)

_____________________________________________________________________________________________

+7

                2: 0 (19) 3 (63) 1

0: (5)(7)(10)(14) 3  3:(19)(23)(52) 1   1:(63)(73)(74)(85)(99)

_____________________________________________________________________________________________

+41

                2: 0 (19) 3 (63) 1

0: (5)(7)(10)(14) 3  3:(19)(23)(41)(52) 1   1:(63)(73)(74)(85)(99)

_____________________________________________________________________________________________

+100

                        2: 0 (19) 3 (63) 1 (85) 4

0: (5)(7)(10)(14) 3     3:(19)(23)(41)(52) 1      1:(63)(73)(74) 4      4: (85)(99)(100)

_____________________________________________________________________________________________

+130

                        2: 0 (19) 3 (63) 1 (85) 4

0: (5)(7)(10)(14) 3     3:(19)(23)(41)(52) 1      1:(63)(73)(74) 4      4: (85)(99)(100)(130)

_____________________________________________________________________________________________

+44

                        2: 0 (19) 3 (63) 1 (85) 4

0: (5)(7)(10)(14) 3     3:(19)(23)(41)(44)(52) 1      1:(63)(73)(74) 4      4: (85)(99)(100)(130)

_____________________________________________________________________________________________

-63

                        2: 0 (19) 3 (63) 1 (85) 4

0: (5)(7)(10)(14) 3     3:(19)(23)(41)(44)(52) 1      1:(73)(74) 4      4: (85)(99)(100)(130)

_____________________________________________________________________________________________

-73
?? Al quitar el 73, esta bien como queda el arbol ? porque en el simulador me lo mustra de la sig forma:
?? 3:(19)(23)(41)(44) 1      1:(52)(74) 4


                        2: 0 (19) 3 (44) 1 (85) 4

0: (5)(7)(10)(14) 3     3:(19)(23)(41) 1      1:(44)(52)(74) 4      4: (85)(99)(100)(130)

_____________________________________________________________________________________________

+15

                        2: 0 (19) 3 (44) 1 (85) 4

0: (5)(7)(10)(14)(15) 3     3:(19)(23)(41) 1      1:(44)(52)(74) 4      4: (85)(99)(100)(130)

_____________________________________________________________________________________________

+16

                        2: 0 (14) 5 (19) 3 (44) 1 (85) 4

0: (5)(7)(10) 5    5: (14)(15)(16) 3     3:(19)(23)(41) 1      1:(44)(52)(74) 4      4: (85)(99)(100)(130)

_____________________________________________________________________________________________

-74

                        2: 0 (14) 5 (19) 3 (44) 1 (85) 4

0: (5)(7)(10) 5    5: (14)(15)(16) 3     3:(19)(23)(41) 1      1:(44)(52) 4      4: (85)(99)(100)(130)

_____________________________________________________________________________________________

-52

                        2: 0 (14) 5 (19) 3 (41) 1 (85) 4

0: (5)(7)(10) 5    5: (14)(15)(16) 3     3:(19)(23) 1      1:(41)(44) 4      4: (85)(99)(100)(130)